60 50
-56 -66 -77 -15 96  89  -31 -13 45  -50 23  -9  -52 -50 -8  -49 -78 71  73  53  -34 -21 -13 -95 17  33  100 80  99  -13 -87 -13 93  49  36  -83 -35 -69 -62 -14 34  -34 22  38  -74 34  -72 -28 -24 42
82  -68 75  63  -48 36  49  1   -34 -94 -56 -26 35  -44 89  -10 -12 79  90  -2  19  49  24  69  24  -80 36  56  97  28  -9  34  53  -78 -54 -60 6   63  -77 70  -9  95  40  -82 57  24  -69 55  -48 29
86  24  -56 -30 91  33  -27 29  5   89  82  77  -31 -29 -79 -52 55  45  51  -45 62  96  -79 -5  19  50  70  -5  -97 13  39  -66 -23 87  -26 65  -3  -17 67  -28 45  94  87  72  35  5   84  98  -70 -23
-88 80  -17 65  -18 19  -92 -94 -15 -72 -5  -7  -12 19  35  10  41  87  -52 80  -88 -51 -59 -8  57  -94 89  62  79  -15 -26 -67 -5  -97 -94 -40 16  91  81  -43 90  77  45  27  41  66  98  -82 56  -71
20  37  5   6   -73 -28 43  23  -82 16  -35 11  -94 -78 99  -43 45  76  -59 59  -8  -63 9   -15 52  -60 0   -46 -77 -85 -17 -82 100 80  81  20  16  -32 39  29  57  29  -13 47  100 -21 61  21  34  -8
-96 -60 -43 89  86  100 -21 -99 -40 16  30  71  -24 45  39  68  32  59  -45 77  64  -54 -70 -84 -57 -25 80  -5  22  4   -97 65  -40 0   76  2   -9  -68 -10 30  -8  93  57  -33 94  -46 32  30  22  -13
-49 50  -27 37  -74 -43 -5  52  -97 -20 -55 96  -32 -96 -91 -13 17  -84 -52 27  -24 98  -79 43  58  95  -26 71  90  9   -70 56  -75 -67 40  -41 24  18  83  2   -78 -38 -59 97  -29 15  78  17  62  2
-72 -65 -61 99  38  96  66  71  -96 2   90  -22 -89 64  -37 -29 -3  -40 16  -70 -28 -83 -92 -17 -57 53  96  -62 4   -54 95  56  37  62  -45 98  -4  88  -92 89  0   -30 -99 34  2   -32 63  -69 -91 -7
42  -25 -66 94  -71 -10 45  83  -38 -90 51  -78 60  -35 -72 88  82  29  57  -41 92  64  81  -32 12  95  -66 86  -40 -90 84  -46 44  94  36  -14 52  29  1   19  -37 -64 6   -66 -22 -97 66  86  -28 71
26  -11 -23 -6  98  -52 -25 54  -31 -74 -32 96  12  -75 -24 37  38  -39 36  -14 41  -79 77  -78 62  20  -26 74  75  -55 -16 -84 -35 -75 12  -8  10  -69 -18 -7  13  -54 46  -78 -56 -24 -33 8   -51 -63
95  -58 0   43  0   42  -74 -93 -56 74  78  95  57  86  -90 52  -2  60  -3  0   -55 81  -42 34  -81 39  -19 68  73  -26 -69 6   -67 13  -87 -71 -62 -39 8   71  -92 -30 43  -13 -39 -26 97  -50 -70 -32
-1  70  -51 84  -35 91  25  17  25  34  49  -4  -66 -53 54  13  24  31  -45 -27 40  39  -97 -11 13  -71 -90 32  35  -49 36  -91 68  -79 78  -79 -55 -10 15  -68 -68 17  -70 -66 -31 11  85  -84 -37 -28
84  61  -40 -22 -69 -61 -10 33  63  -23 -64 -44 94  -55 66  86  63  -41 -6  99  -80 42  -50 16  60  -46 -54 -75 0   -11 94  -92 70  2   39  -9  51  47  -77 -98 33  -1  -16 -37 -52 -45 10  -77 41  -4
91  64  77  54  -87 37  -7  28  -99 54  12  72  -9  58  92  55  -96 -43 21  -54 -69 -53 24  -37 -50 55  -70 -13 -68 91  84  91  -7  10  -71 30  -74 -38 67  -94 -77 19  -56 57  -62 28  -18 77  -53 57
-78 -93 -89 74  -45 -11 43  95  62  27  1   -62 45  87  -30 -89 18  61  -51 -29 -100    16  23  22  13  -29 82  71  9   17  -96 12  -16 97  8   52  -85 15  -72 9   -9  -11 30  15  56  -3  -22 51  14  -22
67  -82 83  -90 -48 99  46  -34 -74 56  -4  71  -47 12  7   45  34  85  86  -56 -69 36  27  -70 50  -43 -22 86  -49 3   -91 -93 -51 -95 10  -35 2   45  -21 -57 24  -63 42  100 -28 -94 96  98  3   35
-40 -35 88  51  97  -77 -12 9   -45 -1  -100    -22 -79 -97 -10 -65 -49 -94 35  -65 -62 81  92  63  -48 -27 -79 47  66  59  58  22  82  -84 -28 -10 -82 93  100 -58 -73 -2  -93 15  -91 -58 -75 22  25  43
63  -71 21  -48 3   -44 -30 -6  -99 78  -45 43  9   24  38  64  -53 -42 15  -74 -29 80  93  51  -20 -17 -51 -50 -93 57  55  72  12  -9  69  -18 -92 -86 -38 -54 -62 9   47  -8  42  73  100 -1  49  -90
-7  31  50  -84 -36 17  93  -66 71  87  -31 39  42  90  73  -36 -29 88  -56 17  17  -27 75  -1  -80 12  29  -51 -38 -16 -29 4   47  -45 -84 -61 -97 -50 27  47  -36 -73 17  -77 -43 -45 86  -69 64  4
96  28  42  -57 85  -78 -13 -2  70  58  31  31  -61 -7  -76 83  100 -92 37  35  24  -11 -77 -19 -68 90  12  17  -87 71  -100    20  33  89  78  56  -61 38  3   -31 -54 -41 -8  -87 54  -65 1   20  42  -47
47  16  43  56  -22 -44 -75 39  17  -95 98  47  16  24  -27 12  75  90  95  -28 85  94  46  -8  54  85  28  -4  -13 44  34  -94 44  29  51  -66 -41 64  -97 81  56  46  77  85  -28 12  75  -73 67  -67
-61 33  18  -39 69  81  52  26  -79 -90 -46 31  -54 -21 -64 68  80  -44 18  -26 62  55  100 -67 25  -30 74  33  -87 -76 -48 35  -57 -97 26  40  18  -59 63  -5  -100    -82 6   56  -65 -60 100 24  -84 31
5   -27 89  -26 55  -68 -80 14  -57 32  -37 -49 93  -94 -16 41  -10 -67 -83 -52 69  -36 -100    -76 5   -9  -58 -86 -27 -82 -10 -88 -52 -54 -96 -100    3   -42 71  -77 87  20  -7  -29 -52 38  -67 36  -7  -69
79  53  -77 62  -39 -73 -80 -6  -22 -79 5   -30 -16 92  78  -84 -29 17  72  66  81  37  22  -73 -51 -82 -27 59  -45 -59 44  -84 41  76  59  -27 -30 -23 -98 25  -47 -68 85  54  -67 -8  73  53  -52 24
-90 89  -38 -40 29  48  -19 75  -91 -11 -94 -49 31  52  -16 -9  -72 10  -2  -100    -90 -3  -18 -24 11  71  -12 84  -64 -20 -76 56  -51 41  5   -44 -65 -20 -56 10  25  38  -55 -51 20  57  13  -48 72  50
12  -2  10  51  81  -82 68  92  65  -12 -73 40  -43 -73 94  -25 98  80  8   27  -23 33  -66 28  7   61  24  -87 19  21  -78 -89 35  -62 -30 17  -14 61  70  -10 39  -62 -57 45  -20 -31 10  -34 -83 93
-88 -99 9   69  -36 3   74  -94 19  -44 95  81  -78 41  -18 82  76  -52 59  -56 -56 -85 13  -90 47  96  88  -71 46  -22 -29 55  20  -70 78  43  -69 50  -41 53  10  -99 76  49  83  -28 20  -59 100 -98
45  -42 -67 -57 75  -77 99  61  -50 68  -84 85  -15 -95 46  -86 -47 -1  77  95  42  -27 34  -60 21  82  89  -3  -25 -27 88  -85 -82 -75 98  67  -19 -98 -74 72  -56 23  53  -31 19  18  91  -90 -53 2
79  41  60  63  -67 89  20  -32 100 -35 -32 -6  -54 -28 -82 0   -4  -4  64  -44 11  32  62  -64 -35 39  -18 -75 -86 63  32  85  47  8   15  43  -13 89  100 12  34  80  -16 -14 98  37  -4  84  -29 -93
-48 -64 -91 -69 -65 57  21  -94 60  -51 -55 80  -22 26  -15 -44 1   -13 85  -57 -74 3   -93 96  6   -10 -74 -16 8   99  51  26  -92 -76 22  82  -27 16  86  -50 -25 -20 84  -25 -38 -43 55  -41 -75 15
-81 -37 29  18  54  -58 73  -42 -24 77  -62 94  8   38  -34 12  24  -41 -81 87  45  -81 32  43  8   -13 36  82  -47 4   75  81  -38 -66 86  -25 16  31  56  -64 -25 90  -28 65  62  30  -2  -48 48  62
-70 -84 59  25  80  91  -12 18  70  -63 98  -81 -2  44  -25 -49 -97 79  -99 17  54  85  -1  52  93  38  -86 -33 5   -63 -8  86  -75 -94 -88 35  67  -24 -16 -33 15  75  33  84  -9  -95 -10 -49 -48 12
-65 74  -5  -13 74  73  50  38  -20 -34 -72 92  -25 -43 37  9   -91 48  -33 77  24  63  -60 85  -35 0   -46 43  21  1   -66 -45 -43 61  -85 -84 -95 -35 -98 -91 13  -51 -16 -72 -6  97  -15 -84 -78 27
-6  -8  -17 -97 -82 -85 47  -11 -91 57  61  -9  66  3   86  16  -57 87  77  21  96  -55 52  -11 -58 88  -5  -48 66  83  3   62  59  -7  87  18  -86 -24 -8  85  60  -10 70  7   -79 88  -87 44  59  7
-56 -77 -32 -24 -68 -8  21  -46 -58 -81 5   15  -71 -70 -41 -98 -71 -19 63  12  82  14  50  18  3   -14 98  35  -76 73  -73 -36 93  66  -6  20  -95 -10 -54 -48 -59 -58 -62 -16 -80 -37 86  -9  -31 53
-1  70  -48 -63 -23 -79 45  -58 -38 28  85  -58 59  -32 94  -29 -80 24  53  -71 -93 -37 -37 73  -99 -24 -62 -47 27  12  67  90  28  0   65  62  -43 9   -76 -93 51  -60 9   63  4   -3  98  77  94  51
-52 72  -46 6   68  27  63  -71 -75 -97 72  3   -26 59  -29 9   -75 -12 -52 -58 -75 37  -49 60  30  -15 57  30  34  -58 -51 -13 13  68  70  56  49  18  73  24  -11 -80 57  73  35  34  -40 81  26  51
0   87  -27 -67 45  50  47  14  -52 85  -12 -8  18  -13 72  28  -13 -26 -73 -83 98  15  -41 24  44  64  -55 88  -28 89  37  18  -41 -13 85  39  -3  65  4   -86 98  11  11  76  -2  -88 -64 87  -41 9
22  82  17  -67 -9  -29 39  33  -57 -63 38  63  27  -8  -69 -96 3   31  80  75  97  54  -72 39  1   40  80  -35 41  -89 72  76  -92 87  31  -31 31  87  54  -22 -21 84  83  -74 32  -4  -17 -37 29  47
87  19  86  87  -52 -99 -49 89  62  -5  -71 -60 -6  31  -87 -95 92  68  -69 -53 -1  100 98  51  -95 -89 -14 72  1   -3  -22 -44 76  -43 -48 84  84  -67 66  -2  77  -64 -55 54  86  -13 -60 60  32  69
1   63  -92 -80 -16 -89 88  79  -73 -65 35  50  -22 36  18  80  23  -78 1   -52 -81 -34 -38 -71 39  23  -69 77  -33 -67 -50 -54 92  -12 -15 6   53  -97 -27 -24 -12 -18 -17 -7  -14 78  27  5   19  -35
32  96  23  -71 26  95  96  -7  -51 22  -12 -98 31  55  16  31  -17 36  -84 -37 -64 51  -85 19  28  91  -39 -24 -1  67  -84 69  -72 -86 8   88  38  -29 -11 63  -37 89  -98 65  42  -42 -94 0   15  40
-9  17  73  56  51  9   -65 -54 -75 -96 51  -63 57  -52 -55 50  4   -60 39  82  8   70  93  84  26  99  -71 -61 -87 29  97  5   -15 -38 64  -67 10  -8  -12 67  80  29  67  49  31  -29 78  -34 -86 78
-68 27  -58 -5  -51 -90 -90 8   -40 -55 73  34  0   19  66  79  -55 94  28  -94 66  -38 68  -68 -13 48  -70 -96 -92 23  28  -26 93  35  94  64  -69 -95 67  -10 -88 -8  -60 89  -25 64  9   90  -65 47
-28 -44 -9  -78 98  -15 -33 -38 -1  -31 -60 83  67  78  99  30  95  15  -34 -10 -18 84  -97 -87 -82 -54 -2  37  -28 -76 -17 -6  -46 -65 -6  -38 -21 78  44  -48 -53 25  47  -100    100 -96 46  7   81  38
-3  51  -35 -19 -41 57  73  -9  55  -61 39  78  -63 -77 21  -95 74  36  -44 -4  -75 -90 -85 82  82  79  -14 -8  60  80  23  -71 53  -69 -99 -40 -49 -85 -68 -80 24  88  -62 -34 27  32  -8  -31 96  -6
62  -96 -24 -39 89  -48 32  -59 -17 -62 61  -29 40  -60 45  59  -18 -68 91  48  -43 7   58  86  -52 81  25  88  36  -96 58  2   13  -63 -70 31  -100    11  -73 99  -5  -19 44  84  -45 -8  32  61  -56 -17
-7  30  -18 -8  -29 28  34  -1  41  -9  -82 50  -75 -87 -30 79  -65 -96 76  -77 -94 29  81  8   -25 93  88  -78 48  50  -35 69  57  62  75  11  74  39  -70 44  64  31  49  -28 98  24  78  -22 -24 74
-26 11  -2  37  -60 -55 27  73  95  -77 -10 -73 90  -56 43  37  -37 -53 10  70  10  31  51  -63 5   84  -75 -7  -78 15  100 -90 6   87  1   -61 -65 -17 50  25  70  -91 83  16  42  -13 90  74  -8  75
-96 80  15  31  46  -63 78  54  69  -27 -37 -37 -57 -84 -91 -13 38  50  72  -75 98  -32 -30 67  63  41  3   77  -80 11  76  82  37  74  9   -76 92  24  -79 -69 62  -6  82  -28 -16 54  16  -75 31  -42
-5  5   -52 -25 88  70  -51 60  72  -85 -94 62  -24 -26 -6  -100    31  16  -50 -19 -98 -59 34  -18 -46 93  44  79  40  35  -84 -69 -45 -95 5   -54 -100    76  -26 50  -41 100 -19 85  52  -3  15  -99 23  -69
44  31  -2  27  -15 -54 38  -79 -27 -99 96  -74 85  58  -24 -76 82  41  2   -9  -5  -88 -67 77  -96 28  -46 -31 -7  -62 -69 -97 20  31  3   -18 -72 -24 84  83  6   -72 -5  -33 60  -76 -22 -65 31  59
-51 51  -95 16  -60 -22 98  -75 -18 11  -6  -46 -57 -2  4   27  15  43  -25 53  -5  41  94  -24 74  61  -14 91  -35 -32 76  67  74  -55 4   48  -40 17  54  41  71  33  -53 38  -43 89  -55 74  52  -31
-53 14  -30 55  50  -53 -58 39  -66 38  1   -87 92  81  -34 88  14  28  94  26  -28 25  15  87  -25 -10 100 85  21  48  -80 5   33  89  -24 54  -61 -42 -81 -51 -17 -29 -79 47  -74 -37 7   -24 65  -49
-41 6   89  91  -8  29  4   -55 31  30  -100    41  88  -67 -80 5   38  40  19  -46 27  67  89  2   2   -73 -90 -84 -11 -48 -99 -46 -12 93  69  -81 98  -49 28  -78 87  -18 -39 51  40  100 -76 -88 -26 1
75  -67 -75 1   -99 -61 31  90  80  2   -15 -16 1   -60 83  15  68  -99 -70 93  40  99  35  -60 -48 16  94  -3  78  -95 47  59  66  58  -70 -44 34  22  -78 5   58  97  64  -17 89  37  -14 -96 39  17
-95 40  1   -83 -65 75  64  60  -27 87  13  -53 -23 31  21  -6  -96 -40 51  -18 60  34  88  -96 15  -25 89  -6  52  -49 72  -5  -92 2   -61 71  91  -49 -18 54  36  44  28  -65 98  -60 0   97  -100    -16
-80 -85 -2  85  41  -55 14  49  -24 -58 -61 43  78  -14 7   -41 -25 52  -94 72  -21 54  84  -59 20  -89 -99 -81 33  81  -43 -73 95  -57 -7  -67 49  -87 -53 -18 -31 -91 -85 -32 94  32  -59 75  21  98
-84 -26 -18 -13 78  -52 10  -39 52  -68 21  91  33  -81 -40 -82 -69 81  -41 -85 55  69  -18 46  95  -7  -83 27  2   46  39  71  -21 -38 6   -20 1   15  -8  27  -78 86  41  92  -89 -10 -57 41  -74 -96
-23 -1  -38 -24 53  42  61  -5  76  -16 -100    31  -27 -69 -20 -17 -62 0   22  61  12  37  -24 -39 73  -14 -60 32  71  -62 4   64  24  71  17  44  79  -56 68  100 -78 -4  -35 49  81  48  -68 96  -27 68