50 40
-19 15  -78 -32 8   -98 87  -47 -29 -10 -97 37  27  -11 -64 -27 32  77  35  66  26  -15 10  80  39  -22 -46 44  36  17  2   -84 76  11  -96 -70 41  -10 -90 91
-48 -19 -82 29  -46 60  -25 90  -13 -44 -22 30  -25 -70 -67 45  -79 18  38  -19 -33 -67 -21 -77 -72 -7  45  -8  -4  20  6   11  -54 -95 31  24  59  -42 -23 74
13  -1  -49 7   -50 11  22  -100    24  -65 -93 17  -36 -77 26  18  -63 66  21  -69 13  -38 40  93  47  -28 45  -23 5   -32 -5  63  -74 69  39  -12 -97 3   -41 -33
19  2   30  -43 14  97  -64 82  79  -44 18  -36 39  78  45  82  -85 61  10  26  30  17  59  20  21  -35 -71 -98 50  -28 61  -17 38  -80 -38 -86 89  -79 70  -85
44  -29 30  -53 42  -40 -54 -7  51  96  -61 -38 62  98  35  -15 88  36  -92 -51 -27 3   -11 -70 15  -49 11  40  -2  33  67  -70 -39 11  27  -50 67  -9  4   47
-55 19  -32 36  -38 -57 -38 -68 -8  -57 36  49  0   51  -64 -92 30  31  -65 -31 37  -89 77  -44 79  60  94  17  4   -72 -92 33  -48 -84 -29 -99 29  -34 74  -69
6   -10 89  -68 65  -88 11  -66 -16 80  -94 2   95  -97 79  61  72  11  43  32  3   8   -58 41  94  100 46  -28 -8  74  -39 -5  -25 -21 5   -41 54  96  -2  44
0   100 -52 -26 -90 -12 -90 58  -12 14  11  -10 -8  44  -52 -72 -97 94  25  -7  -8  -16 63  60  70  43  6   -98 7   20  -69 -15 8   63  -43 28  50  -34 74  40
93  66  -3  59  47  56  24  80  -36 -32 85  -67 78  -56 36  -67 18  -94 42  -87 -62 40  -31 59  36  100 42  -69 -37 54  33  5   -67 -94 10  -46 -48 14  46  -40
-91 -93 -18 -82 -13 -55 -67 -82 34  -32 -2  5   100 94  60  -51 70  10  -19 -16 43  13  98  -66 32  56  -79 -18 91  -39 69  -94 -6  34  33  -41 55  55  -96 37
-20 44  90  52  -48 -75 81  58  14  -35 94  -67 -44 83  83  20  -31 6   -59 55  22  79  72  -1  86  66  90  -32 -80 -54 3   -86 -8  -73 44  -42 59  35  -69 -67
-73 -16 -99 -81 55  -41 -13 26  -17 49  11  92  -81 -2  -40 25  10  59  29  55  60  29  33  87  -100    91  -47 14  -8  68  -90 64  -2  -28 13  28  -87 42  81  70
-66 71  -7  25  90  -17 28  -26 -90 56  99  51  -84 -50 79  90  66  28  -28 -65 34  69  91  99  -6  -98 -67 -19 66  -62 -11 12  -45 31  17  15  73  88  93  29
67  -81 66  -86 -62 44  -36 -61 41  13  5   56  92  57  67  78  89  37  62  -61 -61 63  -96 69  -53 13  35  -98 85  53  51  90  68  -90 99  -99 -21 -50 67  69
71  -69 -51 94  85  -60 52  89  -26 -38 72  -61 31  -40 27  -99 -96 12  24  -33 57  12  67  4   -3  72  96  28  88  -28 97  -19 -2  35  69  -26 -96 -51 -53 -32
-84 42  -34 40  42  -67 -90 32  13  -29 -10 -68 85  -8  -79 -80 -57 4   -43 40  -54 58  -76 -92 -22 -44 4   62  -26 18  -100    -87 57  73  7   5   96  75  -32 83
-53 -18 40  -91 -39 84  -28 -24 -50 49  2   96  -70 -35 5   -59 90  94  1   -49 -8  84  -47 52  7   -14 -80 69  82  -30 29  8   62  -14 -62 -75 -47 -31 59  82
-61 -47 -10 -2  7   -16 -61 -19 57  92  100 33  15  6   69  15  77  -64 -90 20  -49 30  -26 -3  -78 -5  46  97  -36 -43 50  86  -100    -87 -90 98  21  45  -24 -30
-37 69  -38 -43 92  70  99  70  72  73  -3  -71 58  2   66  -80 -85 -49 -22 10  60  77  16  -46 17  16  -38 -88 -50 -18 -92 68  66  28  -89 -19 -71 89  61  27
-27 -56 68  41  34  -66 26  67  -71 19  79  -97 -66 61  90  57  -68 76  -70 54  62  99  -38 63  42  59  -52 -83 -61 6   -41 88  96  96  -27 -74 -97 -11 66  21
24  34  -32 -93 6   83  -25 63  -55 -85 -33 -47 97  -54 -69 43  28  50  41  74  65  63  33  -96 -48 -52 -88 38  -90 69  -31 -52 -34 95  9   -81 -33 -11 12  82
33  -10 -65 74  -49 -40 -15 -4  52  -52 88  68  -95 37  -10 -80 -81 72  -39 -18 98  -73 91  -94 0   -1  -73 -23 -47 93  -71 2   -14 -62 -89 -5  -51 92  81  -12
-86 -10 -91 92  -74 57  -57 -67 42  -72 -62 100 71  -1  58  7   -50 46  -14 26  12  9   35  28  24  -46 -93 97  -51 -13 67  -43 99  43  8   -96 -43 -84 -37 89
50  -20 -92 83  -16 23  53  86  36  -55 -41 -46 -47 89  -51 -42 75  -71 46  20  97  -15 -87 57  80  27  22  -85 29  46  -85 -59 -29 16  79  -24 11  -55 -28 -50
-28 -57 43  -42 -53 -18 -26 -41 68  95  44  26  -65 42  28  -45 93  93  15  95  41  72  -13 86  100 -55 -98 10  -1  44  -83 12  -12 9   57  -9  8   66  -21 52
98  79  -24 -30 80  -55 69  -41 25  -15 -48 -20 26  51  -42 -63 97  -49 -44 -47 8   9   -48 -85 21  -6  -19 27  55  62  -23 80  42  -66 70  -90 -50 43  25  -62
16  -54 -59 6   -36 -31 36  -65 -49 17  -75 35  7   -37 -12 7   -36 83  75  74  -46 84  24  2   33  18  -68 36  -22 49  78  -52 3   -83 73  -14 -74 98  -91 -77
-33 -51 13  -75 -73 -47 -17 2   -100    -84 -24 -27 -62 -24 -44 40  -75 -71 67  -10 -77 47  -64 -17 -17 -81 -87 8   -39 -56 93  -66 61  1   -63 -50 58  -90 33  38
85  72  -92 -14 -24 23  35  -31 -44 39  74  27  81  93  64  35  -74 21  64  -75 -17 54  -68 -96 -14 -62 84  -22 36  -11 -8  -58 -12 55  -9  -32 -87 35  -40 48
43  -76 84  62  -61 23  -40 84  43  -21 -78 93  49  -11 52  80  -98 -32 92  -44 89  -29 -15 -95 23  89  81  -2  26  73  -35 -37 -78 -47 36  -6  25  -91 40  35
-41 40  -1  88  62  -53 27  -47 75  73  16  56  72  -37 -34 1   -78 59  3   71  -7  -34 77  27  88  -29 10  -49 47  -19 94  -81 -56 -68 75  -47 -47 -2  48  45
55  99  -1  -68 24  77  -54 60  13  81  38  -49 -71 -9  19  -95 -6  -30 -1  61  -60 32  88  67  100 -92 -85 70  28  74  41  -77 98  -50 -9  49  -92 -65 65  -26
-20 50  -63 18  -54 -42 -86 -80 85  -71 14  70  -26 60  -88 35  -37 94  65  14  62  -44 -25 -44 8   -46 -86 -71 -17 -62 94  -6  -15 84  -94 93  -64 -39 -13 -73
-64 5   -6  -84 66  35  -59 -66 59  95  77  -55 32  -3  -11 46  -93 51  -67 -75 -70 78  90  1   -39 33  49  56  -7  91  63  92  -69 58  14  -49 11  -72 -78 49
0   11  40  -10 86  93  -19 37  11  -48 69  99  48  75  49  37  -89 11  5   77  47  47  -84 -81 -24 -89 1   99  -68 -47 -36 -60 3   -1  -81 55  -55 -89 -54 53
-52 -55 52  -37 22  54  -79 -88 98  14  -93 53  -69 -98 78  42  -75 76  -49 -86 -13 23  8   48  24  -55 92  68  -97 -16 5   -60 -100    -41 78  -24 -48 44  95  1
-81 -11 -51 70  -18 -2  -62 -1  18  73  96  48  -4  -3  92  91  -48 49  67  -32 -85 -33 24  45  94  84  -19 40  -2  -59 -38 79  9   18  -79 29  26  -28 -100    -60
-92 81  53  7   -94 10  -100    4   -9  76  51  -38 -41 76  91  36  -14 -34 -38 82  -60 -28 9   78  -23 80  29  -75 65  15  -96 45  -20 -18 4   42  -74 -73 30  -31
-4  -51 51  -7  42  80  50  -75 53  -9  -94 70  -27 -58 3   83  61  -40 -82 -94 -19 31  96  -88 -61 -42 80  59  16  -2  39  91  -6  -24 -48 73  70  -10 -77 -44
-58 40  -55 -45 -27 0   91  -9  22  -67 -16 -90 -52 15  62  55  64  92  8   47  -90 86  -54 -26 -31 -64 -24 -34 -100    -25 -57 1   2   -40 90  85  10  71  9   -6
92  -82 -77 4   -19 -99 -77 -36 -78 72  71  69  15  22  63  -39 -82 -36 64  33  -41 -13 73  -25 -89 -58 23  13  -4  30  -61 -31 -36 80  -78 56  35  94  12  47
51  -53 29  89  9   -73 -59 44  76  7   -25 73  20  -91 97  -76 -87 38  -20 -2  -96 -40 -58 -98 2   -84 42  -30 11  -66 3   -60 -48 29  37  -94 -29 47  16  -9
24  -3  -78 -95 7   58  66  47  -45 -45 56  -48 -32 -15 2   69  5   -96 -35 -10 -82 -83 69  50  -34 -63 -59 -92 9   -28 59  100 13  81  -13 47  59  71  97  90
1   -55 91  -2  22  92  87  40  75  -88 -53 27  -32 87  85  -40 -100    0   69  -85 39  100 88  -13 -37 -55 9   -8  -81 45  58  -89 54  43  -34 80  -40 -48 72  -79
35  5   25  77  -14 31  13  94  -23 -61 -100    80  -23 -83 -73 0   48  93  -68 -78 -69 0   49  -5  -61 -52 8   -16 -22 -60 9   52  -61 45  -21 -83 48  -63 -63 -2
64  18  3   -73 20  44  -84 72  21  14  -48 -77 31  69  14  -10 31  -44 83  -51 -19 37  -27 70  69  48  -1  18  -56 95  18  -7  -15 96  -95 35  -77 5   -24 -29
38  -16 30  -71 9   37  -8  44  -32 1   14  86  47  -3  -78 -57 -36 95  25  60  -65 90  -80 11  -98 -45 -95 100 64  63  -99 83  35  38  76  -65 95  58  4   60
2   46  74  -62 21  4   -47 -88 -44 -58 -25 -74 92  -85 68  65  72  -16 33  -52 51  16  -41 -9  46  92  -6  54  -47 -18 -92 34  40  -53 -6  64  13  0   79  -90
26  21  -8  -33 -73 100 -8  -17 5   -77 -67 -53 42  11  62  -86 -59 -39 20  26  64  66  28  -62 94  69  36  85  -22 39  2   -62 62  57  63  7   -41 30  -56 10
-27 -66 8   -8  25  -67 -29 44  36  43  54  -40 -70 -29 -73 -98 -33 -8  47  64  37  -89 19  -58 24  -25 65  -38 -41 1   -7  -47 69  34  68  -35 17  -69 -11 -50